Data/fig7_interpolation_distance1.tif
NCOLS 646
NROWS 463
XLLCORNER 474795.67
YLLCORNER 1120288.4
DX 200.00028
DY 200.00028
NODATA_VALUE -9999
[rows 338 to 363 of 463, columns 522 to 579 of 646]
1.1336977 1.1412276 1.1499775 1.1601877 1.17208 1.18574 1.2008728 1.2163981 1.2300564 1.2386476 1.2395653 1.2326506 1.2200686 1.2043791 1.1871478 1.1688239 1.1489412 1.1251008 1.0794378 1.0732643 1.0758035 1.0636539 1.0482762 1.0328249 1.0222977 1.0165541 1.0111989 1.0052269 0.99889407 0.99247383 0.98612394 0.97991995 0.9738897 0.96803518 0.96234535 0.95680343 0.95139095 0.94609008 0.94088477 0.93576139 0.93070882 0.9257188 0.92078795 0.91592359 0.91115291 0.9065279 0.90211024 0.89793347 0.89397787 0.89019208 0.88653632 0.88300321 0.87960627 0.87634665 0.87317881 0.8700051 0.86670287 0.86315183
1.1279467 1.134968 1.1429662 1.1520543 1.1622854 1.1735657 1.1855215 1.1973483 1.2077627 1.2152497 1.2186517 1.2176924 1.2128762 1.2048489 1.19389 1.1799143 1.1627387 1.1422001 1.1194301 1.1021348 1.0888031 1.073803 1.0576882 1.0424511 1.0314253 1.0241864 1.0177521 1.0111524 1.0044181 0.99771101 0.99114442 0.98477503 0.97862096 0.97267802 0.96693093 0.96135989 0.95594402 0.95066296 0.94549784 0.94043193 0.93545119 0.93054522 0.92570869 0.92094385 0.91626261 0.9116849 0.90722959 0.90290071 0.89868116 0.89454426 0.89048055 0.88652754 0.88277714 0.87931694 0.87612095 0.87302484 0.86982268 0.86634658
1.1223794 1.1289558 1.1363352 1.1445703 1.1536575 1.1634883 1.1737912 1.1840918 1.1937404 1.2020491 1.2084925 1.2127935 1.2147268 1.2137316 1.2087451 1.198664 1.1832461 1.1636447 1.1422946 1.1219176 1.1030562 1.0845174 1.0648074 1.041713 1.0315911 1.0294809 1.0237786 1.01691 1.0098063 1.0027894 0.99598834 0.98944977 0.98317837 0.97715833 0.97136619 0.96577702 0.96036635 0.95511049 0.94998685 0.9449746 0.94005555 0.93521501 0.93044249 0.92573218 0.92108239 0.9164926 0.91195775 0.90746129 0.90297215 0.8984516 0.89388064 0.88932757 0.88504353 0.88138419 0.87838645 0.875646 0.87274493 0.86945891
1.1170188 1.1232344 1.1301445 1.137786 1.1461621 1.1552223 1.1648481 1.1748595 1.1850573 1.1952967 1.2055359 1.2157313 1.2254347 1.2330971 1.2356349 1.2295507 1.2137666 1.1909828 1.1655565 1.1407631 1.1177793 1.0960626 1.0729479 1.0264036 1.0258837 1.0352963 1.029898 1.0225857 1.0150303 1.0076573 1.0006033 0.99389888 0.98752547 0.98144683 0.97562701 0.97003513 0.96464335 0.95942435 0.95435081 0.94939649 0.94453768 0.93975413 0.93502915 0.93034895 0.92570081 0.92106978 0.91643359 0.91175579 0.90697762 0.90200941 0.89673455 0.89110532 0.88558449 0.8815832 0.87948333 0.87775663 0.8754835 0.87251849
1.1118648 1.1178034 1.1243779 1.1316355 1.1396156 1.1483507 1.1578792 1.1682789 1.1797274 1.1925813 1.207425 1.2249563 1.2453924 1.2668258 1.2826289 1.2823148 1.2615741 1.2283138 1.1929795 1.1608862 1.133065 1.1086423 1.0859527 1.0640718 1.0510986 1.0443381 1.0365149 1.0282043 1.0200175 1.0122132 1.0048906 0.99804407 0.9916058 0.98550157 0.97967932 0.97410579 0.96875318 0.96359103 0.9585856 0.95370308 0.94891268 0.94418788 0.93950589 0.93484602 0.93018696 0.92550295 0.92075811 0.9158973 0.91082834 0.90538099 0.89920556 0.89156276 0.88177421 0.87618058 0.87856045 0.879444 0.87818116 0.87561072
1.1068982 1.1126302 1.1189718 1.1259916 1.1337738 1.1424344 1.1521525 1.1632289 1.1761829 1.1919034 1.2118604 1.2383348 1.2743161 1.3212678 1.369151 1.3830862 1.3424088 1.2802973 1.2250607 1.1817925 1.1480656 1.1209279 1.0982906 1.0794016 1.0646921 1.0532071 1.0430804 1.0335672 1.0245852 1.016248 1.0086599 1.0017539 0.99533967 0.98926736 0.98347531 0.97794572 0.97266111 0.96758822 0.96268241 0.95789804 0.95319517 0.94854088 0.9439074 0.93926891 0.93459786 0.92986055 0.92501101 0.91998068 0.91465555 0.90881138 0.9018884 0.89197188 0.86742142 0.83608279 0.87668737 0.88155065 0.88116618 0.87886854
1.1020869 1.1076639 1.1138402 1.1207065 1.1283877 1.1370687 1.1470389 1.1587734 1.1730737 1.1913266 1.2160017 1.2516916 1.3073897 1.4006765 1.5492564 1.632587 1.4901679 1.3468494 1.2577464 1.2006725 1.1609964 1.1313644 1.108028 1.0891061 1.0735944 1.0605625 1.0490513 1.0384089 1.028407 1.0192922 1.0114949 1.0048098 0.99863291 0.9926796 0.98694427 0.98148235 0.97630781 0.97137874 0.96662605 0.96198356 0.95740007 0.95283788 0.94826691 0.94365897 0.93898287 0.93419939 0.92925532 0.92407478 0.91854308 0.91246497 0.90541553 0.89612383 0.8803522 0.87042093 0.88208442 0.88532057 0.8847321 0.8823888
1.0973936 1.1028486 1.108895 1.1156407 1.1232392 1.1319199 1.1420402 1.154177 1.1692968 1.1890871 1.2166772 1.2584346 1.3293635 1.4746423 1.9100936 3.0614973 1.7081324 1.401981 1.2796898 1.2128666 1.1697652 1.1389291 1.1152767 1.0962554 1.0804129 1.066734 1.0543791 1.0426275 1.0309503 1.0199415 1.0122468 1.0069008 1.0014397 0.99567372 0.98996292 0.98457575 0.97958439 0.97490158 0.97039479 0.96596272 0.96154488 0.95710535 0.95261761 0.9480554 0.94338686 0.93856917 0.93354237 0.92822183 0.92249212 0.91621419 0.90927874 0.90176142 0.89447819 0.8904324 0.89031892 0.89020682 0.88877367 0.88614348
1.0927823 1.0981327 1.10406 1.110681 1.1181624 1.12675 1.1368194 1.1489638 1.1641536 1.1840499 1.211677 1.2530612 1.3219282 1.4564802 1.7933756 2.2386269 1.650443 1.3929637 1.2787553 1.2146928 1.1730509 1.1431973 1.120254 1.1016804 1.0859891 1.0721676 1.0593673 1.0466003 1.031907 1.0108642 1.0067921 1.0081367 1.0039518 0.99816946 0.992251 0.98691141 0.98227986 0.9780639 0.9739671 0.96984611 0.96565343 0.96137345 0.95699398 0.95249667 0.94785259 0.94301719 0.93792232 0.93246376 0.9264852 0.9197801 0.9122441 0.90463402 0.89931622 0.89708718 0.89612 0.89494004 0.89295394 0.89002563
1.088223 1.0934755 1.0992787 1.1057503 1.1130542 1.1214264 1.1312163 1.1429544 1.1574701 1.1761017 1.2010913 1.2363458 1.2887972 1.3692882 1.4782219 1.529576 1.4408688 1.332905 1.2575349 1.2069583 1.1712494 1.1444982 1.1233638 1.1058815 1.0908106 1.0772702 1.0644872 1.051435 1.035409 0.99715616 1.0037083 1.011074 1.0066918 0.99992014 0.99300972 0.98766323 0.98398387 0.98075982 0.97734766 0.97366452 0.96976036 0.96567746 0.96143246 0.95702123 0.95242177 0.94759095 0.94245378 0.93687933 0.9306257 0.92319934 0.9135076 0.90044194 0.89528019 0.89917152 0.90019797 0.89922221 0.89708831 0.89397555
1.0836941 1.0888496 1.0945172 1.100808 1.1078715 1.1159144 1.1252288 1.1362342 1.14954 1.1660356 1.1870029 1.2141718 1.2493268 1.2919882 1.3322597 1.3455431 1.3189281 1.2732585 1.229672 1.1942442 1.1662719 1.14383 1.1252667 1.1093774 1.0952996 1.0823809 1.0700523 1.0576763 1.0443933 1.0304747 1.0223022 1.0171983 1.0099078 1.000273 0.98943696 0.98410904 0.98404878 0.98301325 0.98062526 0.97748127 0.97391129 0.97005678 0.96597105 0.96166716 0.95713393 0.95233533 0.94719813 0.94158029 0.93518497 0.9272691 0.91521199 0.87799965 0.86747516 0.90054706 0.9039719 0.90328898 0.90115708 0.89800237
1.0791834 1.084241 1.0897618 1.0958455 1.1026198 1.1102521 1.1189649 1.129054 1.1409058 1.1550046 1.1718906 1.1919711 1.2149525 1.2385724 1.2570513 1.2624426 1.2515526 1.2297253 1.2047238 1.1811454 1.1604253 1.142486 1.1267871 1.1127494 1.0998778 1.0877712 1.0760968 1.0645806 1.0531188 1.0421756 1.0325969 1.0237093 1.0136525 0.99951859 0.9679036 0.96401898 0.982974 0.98536889 0.98401016 0.98137471 0.97814962 0.97455004 0.97064836 0.96647182 0.96202438 0.95728523 0.95219731 0.94664126 0.94037065 0.93282966 0.92259128 0.90699269 0.901344 0.90732214 0.90834652 0.90719863 0.90509717 0.90207808
1.0746858 1.079646 1.0850141 1.090876 1.097335 1.1045183 1.1125821 1.1217132 1.1321213 1.1440082 1.1574863 1.1723979 1.1879835 1.2024513 1.212876 1.2162315 1.2114346 1.2002295 1.1856963 1.1703547 1.1555397 1.1416889 1.1287788 1.1166177 1.1049907 1.093715 1.0826541 1.0717298 1.0609595 1.050475 1.0403161 1.0300361 1.0185702 1.003453 0.97427345 0.96995649 0.98633154 0.98876806 0.98764342 0.98534722 0.9824867 0.97919031 0.97550514 0.97147324 0.9671236 0.96246077 0.95745663 0.95203857 0.9460685 0.93932347 0.93160197 0.92355395 0.91776213 0.91451071 0.91198912 0.91026657 0.9086614 0.90611203
1.0701993 1.0750666 1.0802846 1.0859244 1.0920663 1.0988024 1.1062353 1.114472 1.1236057 1.133679 1.1446142 1.1561005 1.1674497 1.1774988 1.1847412 1.1878407 1.1863187 1.1808097 1.1726104 1.1629892 1.1527962 1.1424434 1.1320554 1.1216274 1.1111299 1.1005548 1.0899238 1.0792817 1.0686823 1.0581453 1.0475491 1.0365002 1.024325 1.0105694 0.99756754 0.99254655 0.99325089 0.99278684 0.99110451 0.9891674 0.98688163 0.98401608 0.98059349 0.97671483 0.97245983 0.96787016 0.96295261 0.95768236 0.95200615 0.9458618 0.93925621 0.93238968 0.92540764 0.91772102 0.9108608 0.91058281 0.91159055 0.91017609
1.0657194 1.0705058 1.0755866 1.0810183 1.0868616 1.093182 1.1000453 1.1075089 1.1156038 1.124304 1.1334794 1.1428374 1.1518711 1.159862 1.165995 1.1695999 1.1704059 1.168622 1.1647706 1.1594119 1.1529494 1.1455903 1.1374148 1.1284747 1.1188612 1.1087209 1.0982312 1.0875599 1.0768225 1.0660327 1.0550253 1.0433275 1.0298876 1.0126633 0.99560337 0.99683286 0.9981228 0.99540416 0.99258629 0.99220271 0.99132114 0.98912317 0.98599516 0.98225129 0.97806317 0.97351756 0.96865438 0.96348626 0.95800704 0.95219324 0.94598902 0.93918551 0.93083696 0.91648115 0.87609952 0.90516249 0.91464426 0.91478125
1.0612326 1.0659636 1.0709325 1.0761822 1.0817595 1.0877125 1.0940864 1.100915 1.1082075 1.1159267 1.1239598 1.1320886 1.1399748 1.1471826 1.153253 1.1578165 1.1606897 1.1618898 1.16155 1.159789 1.1566229 1.1519718 1.1457516 1.1379876 1.1288731 1.1187398 1.1079675 1.0968887 1.0857216 1.074525 1.0631397 1.0510234 1.036554 1.0119792 0.46219415 0.99640975 1.0026188 0.99327098 0.98117843 0.99393911 0.99620593 0.99474711 0.9918309 0.98814804 0.98396724 0.97940913 0.97453575 0.96938775 0.96399446 0.9583534 0.95237131 0.94572753 0.93741254 0.92357319 0.89441346 0.91237408 0.92049928 0.92055567
1.0567136 1.0614372 1.0663329 1.0714359 1.0767864 1.0824249 1.0883884 1.0947065 1.1013946 1.1084402 1.1157824 1.1232919 1.1307651 1.1379469 1.1445802 1.150461 1.1554669 1.1595332 1.1625738 1.1643814 1.1645755 1.1626685 1.1582631 1.1512828 1.1420682 1.1312585 1.1195596 1.1075488 1.0955855 1.0837967 1.0720749 1.0600072 1.0465708 1.0293754 1.0116185 1.0130912 1.0116799 0.99840218 0.97625175 0.99987038 1.0026744 1.0012025 0.99822093 0.99446664 0.99020737 0.98555646 0.98057438 0.97532119 0.9698812 0.96432094 0.95857466 0.95238002 0.94531899 0.93710114 0.92990853 0.92849097 0.9287353 0.9272702
1.0521333 1.0569272 1.0617998 1.0667954 1.0719587 1.0773299 1.0829457 1.0888429 1.0950616 1.1016404 1.1085977 1.1159003 1.1234486 1.1311028 1.1387351 1.1462664 1.1536621 1.1608712 1.1677087 1.1737002 1.1779741 1.1793615 1.176828 1.1700626 1.1597231 1.1470845 1.1334444 1.119742 1.106486 1.0938401 1.081729 1.0699108 1.058067 1.046256 1.0362816 1.0299452 1.0244583 1.0175188 1.0123266 1.0118931 1.0109624 1.0085561 1.0052069 1.0012459 0.99682086 0.99198505 0.98675395 0.98117559 0.97543778 0.96984587 0.96441556 0.95873548 0.95255567 0.94635452 0.94143528 0.93853378 0.9364896 0.93397407
1.0474879 1.0524506 1.0573512 1.0622764 1.0672871 1.0724266 1.0777315 1.0832459 1.0890422 1.0952391 1.1019816 1.10936 1.1173447 1.1258434 1.1348125 1.1443086 1.1544614 1.1653785 1.1769607 1.1885911 1.1987628 1.2050133 1.204803 1.1972148 1.183757 1.1672112 1.1499978 1.1335211 1.1183323 1.1044872 1.0918139 1.0800767 1.0691143 1.0590314 1.0502808 1.043072 1.0368298 1.0311122 1.0264233 1.0230025 1.019937 1.0165593 1.0127401 1.0085025 1.0038567 0.99875933 0.99310433 0.98677115 0.9799952 0.97407077 0.96947386 0.96446928 0.9581869 0.95148405 0.9469893 0.94497078 0.942932 0.93986741
1.0428542 1.048054 1.0530137 1.0578959 1.0627819 1.0677143 1.0727176 1.0778226 1.0831146 1.088821 1.0953459 1.1030221 1.1118062 1.1214916 1.1320673 1.1437813 1.1570634 1.1724212 1.1902258 1.2101807 1.23024 1.2454175 1.2490117 1.2381622 1.2171304 1.192707 1.1693303 1.1486501 1.1308157 1.1154346 1.1020127 1.0901244 1.0794851 1.0699822 1.0616218 1.0543509 1.0479689 1.0423094 1.0373607 1.0330338 1.0290138 1.0249815 1.0207577 1.0162534 1.0113883 1.0060206 0.99983914 0.99209668 0.98133525 0.97286496 0.97322283 0.96999705 0.96215299 0.9490263 0.94415756 0.94882001 0.94844232 0.94437191
1.0384168 1.0438006 1.0488128 1.0536695 1.0584574 1.0632052 1.0679031 1.0725129 1.0770219 1.0816945 1.087584 1.0959024 1.1061671 1.1174767 1.1298466 1.1438755 1.1604858 1.1809183 1.20672 1.2392917 1.2777728 1.3133448 1.3258852 1.304224 1.264115 1.2240931 1.1908066 1.1643782 1.1433404 1.1262549 1.1120265 1.0998889 1.0893401 1.080077 1.0719169 1.0647132 1.0583138 1.0525839 1.0474156 1.0426778 1.0381882 1.0337591 1.0292438 1.0245316 1.0195069 1.0139778 1.0075007 0.99867155 0.97910608 0.92752756 0.97802479 0.97720888 0.96764568 0.92937858 0.91834726 0.95361914 0.9545183 0.94751804
1.0343093 1.0397077 1.0447517 1.0496064 1.0543325 1.0589342 1.0633489 1.0673929 1.0706514 1.0725485 1.0752406 1.0859209 1.0998759 1.1134458 1.1276085 1.14375 1.1634628 1.1889951 1.2239292 1.2741463 1.347675 1.4412938 1.4875037 1.4212127 1.3283207 1.2593111 1.2122209 1.1792134 1.1550012 1.1364241 1.1215766 1.1092856 1.0988238 1.0897416 1.0817545 1.0746636 1.0683093 1.0625543 1.0572725 1.0523345 1.0476017 1.0429398 1.0382332 1.0333832 1.0282841 1.022774 1.0165229 1.0087393 0.9977981 0.98931587 0.99055157 0.98789765 0.98029724 0.96657707 0.96144074 0.96592858 0.96298898 0.95237013
1.0303176 1.0356763 1.0407977 1.0457064 1.050427 1.0549514 1.0591821 1.0627964 1.0647611 1.060759 1.0284712 1.0695754 1.0935801 1.1094923 1.1249725 1.1425959 1.1645525 1.1939904 1.2366727 1.3050809 1.4315533 1.7110583 2.030613 1.6341523 1.3990893 1.2898413 1.2292184 1.191008 1.1647264 1.1454193 1.1304445 1.1182902 1.1080638 1.0992306 1.0914604 1.0845338 1.0782858 1.0725773 1.0672795 1.062267 1.0574192 1.0526266 1.0477983 1.0428608 1.037746 1.0323702 1.0266091 1.0203326 1.0137925 1.0084181 1.0047413 1.0007854 0.99543677 0.98927723 0.98466722 0.98109534 0.97417044 0.95571595
1.0258585 1.0315153 1.0369074 1.0419711 1.0467566 1.0512919 1.0555095 1.0591218 1.0611924 1.0581346 1.0401541 1.0680324 1.0901427 1.1059661 1.121671 1.1397643 1.1625301 1.1933575 1.2386862 1.3134617 1.4630146 1.9178643 4.4000929 1.7655736 1.4257987 1.3010979 1.2367664 1.1977296 1.1716357 1.1528945 1.1385599 1.1269828 1.1172299 1.1087697 1.101289 1.0945858 1.0885077 1.0829201 1.0776932 1.0726998 1.0678223 1.0629618 1.0580462 1.0530319 1.047899 1.0426428 1.0372769 1.031876 1.0266774 1.0220508 1.0180316 1.0141451 1.0100041 1.0056939 1.0014639 0.99671227 0.98936552 0.97384033
1.0201945 1.027109 1.0331032 1.038428 1.0433305 1.047944 1.0522937 1.0562773 1.0596156 1.0620522 1.0656739 1.0756716 1.0889295 1.102582 1.1174146 1.1348868 1.1568704 1.1861768 1.227745 1.291449 1.3985993 1.5831955 1.7183994 1.5430781 1.3792737 1.2872841 1.233043 1.1985765 1.1754171 1.1588591 1.1461058 1.1356148 1.1265888 1.1186207 1.1114916 1.1050624 1.0992148 1.0938249 1.0887564 1.0838679 1.0790287 1.0741366 1.0691319 1.0640026 1.0587799 1.0535295 1.0483459 1.0433567 1.0387227 1.034579 1.0309153 1.0275531 1.0242845 1.0209696 1.0174314 1.0132361 1.0077007 1.0007167
1.0131008 1.0227797 1.0295648 1.0351468 1.0401528 1.0448525 1.0493696 1.0537625 1.058111 1.0627473 1.0686234 1.0767603 1.0869225 1.09856 1.1119153 1.1278922 1.1478639 1.1736795 1.2079083 1.2540957 1.3150724 1.3818781 1.4123166 1.3753752 1.3128937 1.259717 1.2208084 1.1939578 1.1762898 1.1637818 1.1536238 1.144676 1.1365464 1.1291132 1.1223432 1.1162084 1.1106454 1.1055406 1.1007366 1.0960541 1.0913237 1.0864197 1.0812859 1.0759447 1.0704886 1.065059 1.0598238 1.0549564 1.0506107 1.0468819 1.0437626 1.0411339 1.0387993 1.0365132 1.0339715 1.0308165 1.026781 1.0220545
