Data/fig7_interpolation_distance1.tif
NCOLS 646
NROWS 463
XLLCORNER 474795.67
YLLCORNER 1120288.4
DX 200.00028
DY 200.00028
NODATA_VALUE -9999
[rows 260 to 285 of 463, columns 464 to 521 of 646]
0.97722827 0.97217351 0.96677782 0.96129817 0.95618227 0.95164388 0.9472605 0.94260388 0.938159 0.93510071 0.93332851 0.93192402 0.93057401 0.92921125 0.9277021 0.9259084 0.92375838 0.92124721 0.91842324 0.91538668 0.91227407 0.90917233 0.90598972 0.90242318 0.89805198 0.89278375 0.88881226 0.88879935 0.88968495 0.88967351 0.88890696 0.88767947 0.88616416 0.88444756 0.88257174 0.8805588 0.87842257 0.87617319 0.87381852 0.87136446 0.86881487 0.86617158 0.8634345 0.86060173 0.8576699 0.8546346 0.85149128 0.84823677 0.84487146 0.8414017 0.83784068 0.83420625 0.83052145 0.82684289 0.82334684 0.82037864 0.81817146 0.81649543
0.98279041 0.97794493 0.97288608 0.96772975 0.96255128 0.95721781 0.95120824 0.9436655 0.93527206 0.93276103 0.93406354 0.93422714 0.93362855 0.93274459 0.93156909 0.9300117 0.92804901 0.92571255 0.92306093 0.92016251 0.91707106 0.9137759 0.91012543 0.90570146 0.89941862 0.88783818 0.87188102 0.8845935 0.8903977 0.89162476 0.89126831 0.89024467 0.88887578 0.88727977 0.88550173 0.88356319 0.88147907 0.87926196 0.87692254 0.87446916 0.87190753 0.86924065 0.86646884 0.86358987 0.8605992 0.85749047 0.85425681 0.85089354 0.84740383 0.8438078 0.84015318 0.83651785 0.83299454 0.82967118 0.82663738 0.82398649 0.82174515 0.81980367
0.98802277 0.98325965 0.97834015 0.97327305 0.96797536 0.96213485 0.95484521 0.94299102 0.90866213 0.91879495 0.93327132 0.93522531 0.93551307 0.93558964 0.93512503 0.9339897 0.93227231 0.930092 0.92754571 0.92470083 0.92158548 0.91816097 0.91426311 0.90944925 0.90239466 0.88688831 0.82787204 0.88414985 0.89243753 0.89391825 0.89363742 0.89272532 0.89150493 0.89005832 0.88840547 0.88656003 0.88453885 0.88235966 0.8800382 0.87758671 0.87501351 0.87232304 0.86951592 0.86658905 0.86353555 0.86034481 0.85700323 0.85349685 0.84981921 0.84598993 0.84208707 0.83827292 0.834748 0.83162602 0.82889572 0.82651043 0.82441851 0.82252407
0.99286708 0.98814156 0.98331101 0.97831642 0.97301892 0.96708906 0.95968121 0.9481243 0.92300328 0.92586424 0.93423436 0.93344915 0.93508459 0.93767663 0.93853144 0.93797177 0.93651391 0.93445973 0.93197424 0.92914463 0.92600178 0.9225166 0.91857299 0.91390006 0.907924 0.8998494 0.89303046 0.89449812 0.8963595 0.89646421 0.89583034 0.89498281 0.89398495 0.8927659 0.89128884 0.88956297 0.88761667 0.88547996 0.8831777 0.8807281 0.87814307 0.8754288 0.87258619 0.86961085 0.86649256 0.86321416 0.85974998 0.85606501 0.8521187 0.84788761 0.843441 0.83908799 0.83535825 0.83246701 0.83012595 0.82810217 0.82633652 0.82472621
0.99721509 0.99256388 0.98786302 0.98300768 0.97786375 0.97221658 0.96567497 0.95768462 0.94891693 0.94309294 0.93525686 0.91130224 0.92878131 0.93962439 0.94223856 0.94217511 0.94088596 0.93889155 0.93641936 0.93357604 0.93040275 0.92689242 0.92299341 0.91861702 0.91370211 0.90852371 0.90423365 0.9017199 0.89997998 0.89834807 0.89722342 0.89669195 0.89621146 0.89539528 0.89417245 0.89259529 0.89073214 0.88863839 0.88635354 0.88390395 0.88130584 0.87856741 0.87568987 0.87266747 0.86948634 0.86612157 0.86253173 0.85864901 0.85436369 0.84951054 0.84393458 0.83801288 0.83362689 0.83158802 0.83006988 0.82855921 0.82738126 0.82639703
1.0008832 0.99643077 0.99197927 0.98735994 0.9824646 0.97722066 0.97156434 0.96550579 0.95929999 0.95274015 0.94154019 0.90453559 0.93192062 0.94423287 0.94691159 0.94681266 0.94548031 0.94344379 0.94092892 0.9380401 0.93482037 0.93127604 0.92739375 0.92316859 0.91866485 0.9141056 0.90983188 0.90588971 0.90180457 0.89774774 0.89620425 0.89728113 0.89813072 0.89800333 0.89711162 0.89569527 0.89391024 0.89185171 0.88957778 0.88712377 0.8845102 0.8817471 0.87883603 0.87577027 0.87253308 0.8690932 0.86539492 0.86133656 0.85672029 0.8511221 0.84352942 0.83197067 0.824156 0.82806359 0.82829507 0.8269742 0.82701558 0.82747973
1.0034982 0.99955051 0.99560291 0.99133835 0.98669722 0.98176219 0.97668893 0.97163186 0.96661345 0.96128697 0.95485093 0.94876765 0.94929238 0.95187463 0.95261211 0.95190783 0.95031571 0.9481371 0.9455266 0.94256057 0.93926958 0.93565535 0.9317055 0.92741759 0.92284217 0.9181242 0.91341427 0.90842044 0.90151356 0.88889825 0.88639222 0.89636806 0.90005232 0.9007895 0.9002071 0.89891352 0.89717772 0.89513528 0.89286034 0.89039497 0.88776251 0.88497409 0.88203151 0.87892775 0.8756452 0.87215042 0.86838223 0.86422408 0.85943313 0.85341967 0.84429058 0.82033182 0.76795477 0.82476847 0.82417463 0.81813739 0.82373523 0.82816745
1.0040662 1.0016026 0.99872528 0.99495307 0.99044993 0.98553211 0.98066924 0.97630605 0.97242909 0.96866105 0.96487051 0.96174708 0.96019288 0.95954724 0.95869376 0.95727827 0.95533468 0.95295732 0.95021688 0.947151 0.94376741 0.94004674 0.93594437 0.93139748 0.92636115 0.92093823 0.91555532 0.91027708 0.90229254 0.87199592 0.86414577 0.89750327 0.90298404 0.90406488 0.90356972 0.90229422 0.90055386 0.89849847 0.89620668 0.89372156 0.89106638 0.88825194 0.88527995 0.88214382 0.8788274 0.87530062 0.87150953 0.86735386 0.86263412 0.85691506 0.84915035 0.83729282 0.82877594 0.83038561 0.82047896 0.47042372 0.81955422 0.82988799
0.99911467 1.0024153 1.0016149 0.99836755 0.99367418 0.98806818 0.98259289 0.97888299 0.97669859 0.97461851 0.97226896 0.96997177 0.96803852 0.96637771 0.96467592 0.96272306 0.96045448 0.9578728 0.9549934 0.951821 0.9483389 0.94449851 0.94020065 0.93525774 0.92933725 0.9220775 0.9146388 0.9107211 0.90735993 0.90044722 0.89911019 0.90478975 0.90751404 0.90796336 0.90723622 0.90584653 0.90403931 0.90193991 0.89961562 0.89710324 0.89442226 0.89158142 0.88858166 0.88541719 0.88207497 0.8785325 0.87475271 0.87067325 0.86618704 0.8611189 0.8552716 0.84890784 0.8436071 0.83933359 0.83208204 0.82329541 0.82959696 0.83431442
0.98403991 1.0041023 1.0050955 1.0019626 0.99654733 0.98863032 0.9788423 0.97656836 0.97918231 0.97957468 0.97840187 0.9765957 0.9746105 0.97257334 0.97044021 0.96813559 0.96561285 0.96285292 0.95984637 0.95657783 0.95301253 0.94907784 0.94462438 0.9393235 0.93233753 0.92097158 0.8980493 0.90439189 0.91216091 0.91233503 0.91191302 0.91246794 0.91275602 0.91226555 0.91112621 0.90953038 0.90761044 0.905445 0.90307846 0.90053517 0.89782767 0.89496096 0.89193445 0.88874274 0.88537596 0.88181998 0.87805673 0.87406445 0.86981931 0.86530744 0.86057831 0.85585912 0.85149719 0.84742066 0.8432735 0.84016201 0.83964258 0.83992952
1.0056326 1.0106132 1.0098957 1.0061634 0.99991145 0.98839179 0.94567978 0.96060257 0.98134715 0.9844838 0.9841279 0.98260279 0.98061016 0.97839457 0.97602102 0.97348777 0.97077802 0.96787596 0.96476563 0.96142364 0.95780816 0.95383988 0.94935974 0.94401355 0.93685035 0.92425324 0.88059687 0.90445885 0.91811212 0.91989757 0.91952649 0.91880628 0.91788547 0.9166507 0.91509461 0.91326867 0.91122236 0.90898712 0.90657982 0.90400888 0.90127809 0.89838784 0.89533533 0.89211446 0.88871654 0.88513239 0.88135739 0.87740064 0.87329767 0.86912144 0.86498311 0.86101379 0.85730822 0.85386782 0.85073265 0.84820244 0.84648011 0.84517637
1.0212416 1.0186709 1.0154554 1.0109846 1.0048337 0.99498185 0.97584881 0.97758672 0.98798873 0.99038557 0.9899677 0.98842596 0.98636036 0.98401279 0.98147799 0.97878556 0.97593816 0.97292775 0.96973993 0.9663517 0.96272479 0.95879262 0.95443401 0.94941625 0.94327554 0.93524782 0.92652672 0.92502374 0.92677319 0.92680844 0.92576527 0.92431462 0.92267976 0.92090203 0.91899435 0.91696623 0.91481564 0.91253108 0.91010009 0.90751414 0.90476852 0.90185967 0.89878259 0.89552914 0.89208788 0.88844675 0.88460118 0.88057262 0.87643955 0.87236093 0.86853246 0.86506283 0.86191633 0.85900687 0.85631529 0.8539042 0.85179345 0.84985619
1.0300607 1.0253495 1.02063 1.0157091 1.0104596 1.0045084 0.99862655 0.99648322 0.99712272 0.99710541 0.99601718 0.99422295 0.99200475 0.98952198 0.98685544 0.98404067 0.98108861 0.97799701 0.9747553 0.9713452 0.96773817 0.96389021 0.95973453 0.95517786 0.95013413 0.9447322 0.93985494 0.93676806 0.93499928 0.93333718 0.93141695 0.92930038 0.92709153 0.92486888 0.92267772 0.920512 0.91831962 0.91603741 0.91361936 0.91104174 0.90829523 0.90537569 0.90227751 0.89898954 0.89549282 0.89176053 0.88776382 0.88349577 0.87904209 0.87470593 0.87097636 0.86804514 0.86558372 0.86324069 0.86090456 0.85859761 0.85634478 0.85411772
1.0362912 1.0303927 1.0243851 1.0189264 1.0147659 1.0114385 1.0085304 1.0064767 1.0051493 1.0038162 1.0021028 0.9999964 0.99758774 0.99496173 0.99217498 0.98925821 0.98622362 0.98307151 0.9797946 0.97638013 0.97281022 0.96906193 0.96510997 0.96093935 0.956585 0.95221427 0.94817797 0.9447852 0.94193949 0.93929 0.9366017 0.93382286 0.93102496 0.92835541 0.92594007 0.92375689 0.92165134 0.91946864 0.91712346 0.91458724 0.9118575 0.90893727 0.90582441 0.90250543 0.89895019 0.89510465 0.89088054 0.8861513 0.88082724 0.87531692 0.87129025 0.86955419 0.86841101 0.86687979 0.86494882 0.8627795 0.86048383 0.85810719
1.0411155 1.0338497 1.0253157 1.0174267 1.0155474 1.0158252 1.0150462 1.0136354 1.0120064 1.0101752 1.0080753 1.0057041 1.0031068 1.0003372 0.99743755 0.99443259 0.99133222 0.9881361 0.98483824 0.98142997 0.97790174 0.9742449 0.97045614 0.96654783 0.96256679 0.95861313 0.95482437 0.95129029 0.94796626 0.94470317 0.94135095 0.93783697 0.93425191 0.93095497 0.92838033 0.92646385 0.9247202 0.92280444 0.92061406 0.91815536 0.91545836 0.91254669 0.90942823 0.9060903 0.90249224 0.89854875 0.89408841 0.88874557 0.88168342 0.87154648 0.86472584 0.86868862 0.87067579 0.87027366 0.86875988 0.86671797 0.86440389 0.86193026
1.0448357 1.036184 1.0221208 0.98962924 1.0091672 1.0188617 1.0204053 1.0197297 1.0182051 1.0162176 1.0138967 1.0113162 1.008542 1.0056315 1.0026257 0.99954566 0.99639603 0.99317179 0.9898651 0.98646919 0.9829799 0.97939667 0.97572489 0.97198066 0.96819659 0.96442206 0.96070694 0.95706661 0.95345048 0.94973895 0.94575891 0.94130794 0.93631205 0.93154924 0.92895451 0.92823997 0.9274796 0.92607873 0.92412314 0.92176307 0.91910306 0.91620331 0.91308893 0.90975278 0.90615016 0.90217817 0.89761366 0.8919077 0.88328361 0.86115048 0.79905105 0.86741264 0.87351901 0.87390202 0.87259719 0.8705869 0.86822381 0.86565828
1.0462898 1.0384424 1.0252894 0.98666719 1.0126158 1.0235791 1.0257457 1.025487 1.0241127 1.0220718 1.0195913 1.0168178 1.0138614 1.0108052 1.0077002 1.0045634 1.0013875 0.99815533 0.99485311 0.99147423 0.98801878 0.98449136 0.98090014 0.97725758 0.9735809 0.9698888 0.96619042 0.96246701 0.95865113 0.95460261 0.95005633 0.9444681 0.93662268 0.92564167 0.92391384 0.92874917 0.93013379 0.92943892 0.92772157 0.92543595 0.92279281 0.91989658 0.91679309 0.91348459 0.90993072 0.90603562 0.90160356 0.8962025 0.88872611 0.87640895 0.86723749 0.87517742 0.87826901 0.87811291 0.87661607 0.87448394 0.87201066 0.8693337
1.0352256 1.0385409 1.0362732 1.0292181 1.0276981 1.0296147 1.0310969 1.0311646 1.0299534 1.0278591 1.025196 1.0221874 1.0190052 1.0157806 1.0125867 1.0094286 1.0062674 1.0030595 0.99977953 0.99642247 0.99299554 0.98950988 0.98597568 0.98240077 0.97879036 0.97514474 0.97145239 0.96767806 0.96374443 0.95949754 0.95461362 0.94826818 0.93742342 0.89308234 0.90503085 0.93002721 0.93344762 0.93314269 0.93149422 0.92919075 0.92651212 0.92359499 0.92050367 0.91724977 0.91379957 0.9100775 0.90596011 0.90126046 0.89577384 0.88983197 0.88571673 0.88466617 0.88408381 0.88276682 0.88080669 0.87842912 0.87578763 0.87297363
0.90492594 1.0407106 1.0454555 1.0391792 1.0307648 1.0313445 1.0356825 1.0368975 1.0359134 1.0336898 1.0307375 1.0273706 1.023847 1.0203956 1.0171411 1.0140459 1.0109847 1.0078561 1.004622 1.0012895 0.99788397 0.99442966 0.99094072 0.9874204 0.98386381 0.98025909 0.9765842 0.9727988 0.96883016 0.96454529 0.95968233 0.95365167 0.94492695 0.93122126 0.92979501 0.93647789 0.93811984 0.93734767 0.93547047 0.93300692 0.93021029 0.92722938 0.9241461 0.92097723 0.9176842 0.91419873 0.91044956 0.90639274 0.90208961 0.8978786 0.89438362 0.89182959 0.88970147 0.88749738 0.88505597 0.88238847 0.87954577 0.8765749
1.0613362 1.0594037 1.0561096 1.0445768 0.99090653 1.0218255 1.0405493 1.0432385 1.042238 1.0396735 1.036227 1.0322498 1.0281067 1.024278 1.0210627 1.0182607 1.0154843 1.012526 1.0093607 1.0060436 1.002644 0.99921235 0.99576881 0.99230839 0.98881357 0.98526217 0.98162698 0.97786983 0.97393321 0.96972878 0.96512001 0.95991184 0.95399014 0.94822765 0.94518783 0.94447371 0.94358577 0.94190286 0.93957549 0.93680681 0.93377893 0.93066277 0.92758114 0.92455022 0.92148842 0.9182925 0.91489856 0.91130657 0.90760059 0.90396384 0.90061126 0.89761392 0.89483586 0.89208809 0.88925804 0.8863126 0.88325958 0.88012029
1.0826315 1.0757334 1.0686764 1.057591 1.0373689 1.0410599 1.0497644 1.0509078 1.0491327 1.0459048 1.0416848 1.0366378 1.0311261 1.0264005 1.0236486 1.021853 1.0197531 1.0170847 1.013981 1.0106322 1.0072005 1.0037842 1.000405 0.99703352 0.99362852 0.99015648 0.98658892 0.98289322 0.97902766 0.97494357 0.97059768 0.96599295 0.96129139 0.95697731 0.95363678 0.95118335 0.94896402 0.94651331 0.94367545 0.94046386 0.93701913 0.93361642 0.93053286 0.92777765 0.92510487 0.92228897 0.91924397 0.91598865 0.91260287 0.90919876 0.90587896 0.90268378 0.89957675 0.8964868 0.89335688 0.89016108 0.88689879 0.88358322
1.0963986 1.0890224 1.081685 1.073662 1.0660124 1.0624596 1.0614422 1.0596186 1.0565599 1.0524496 1.0472456 1.040482 1.0313262 1.0226627 1.0230931 1.0247453 1.0239552 1.021622 1.018466 1.0149448 1.0113929 1.0079956 1.0047464 1.0015368 0.9982758 0.99492191 0.99145514 0.98785057 0.98407364 0.98009237 0.97590049 0.97155472 0.96722333 0.96318885 0.95969422 0.95670664 0.95392197 0.95099439 0.94767832 0.94384768 0.93957744 0.93543123 0.93235366 0.93032896 0.92843839 0.9261788 0.92350517 0.92051287 0.91731509 0.91401332 0.91068295 0.90736058 0.90404409 0.90070984 0.89733421 0.89390664 0.89043231 0.88692847
1.1081151 1.1008884 1.0938908 1.087099 1.0809812 1.0761677 1.0723238 1.0685413 1.0642993 1.0593544 1.0533002 1.0448291 1.0280495 0.96181404 1.0178335 1.0281083 1.0286183 1.0263135 1.0227631 1.018716 1.0148353 1.011524 1.0086143 1.0057329 1.0027021 0.9995132 0.99618838 0.99271365 0.98904323 0.98513122 0.98096147 0.97658044 0.97214678 0.96796156 0.96433571 0.96127616 0.95842116 0.95532835 0.95163304 0.94696559 0.94089462 0.93404052 0.93103506 0.93169216 0.93152086 0.93005664 0.92776326 0.92497099 0.92187839 0.91860926 0.91523952 0.91180813 0.90832606 0.90478868 0.90118937 0.89752998 0.89382632 0.89010836
1.118991 1.1119443 1.1051722 1.0987118 1.0927039 1.0872538 1.0822153 1.0772641 1.0721219 1.0665704 1.0602156 1.0519155 1.0378427 1.0146946 1.0281681 1.034677 1.0343716 1.0313437 1.0267443 1.0212735 1.0164236 1.0136081 1.0117464 1.0095418 1.0068313 1.003836 1.0007103 0.99744227 0.99393047 0.99007621 0.98581228 0.9811103 0.9760647 0.9711645 0.96734409 0.96477726 0.96247785 0.95963156 0.95579981 0.95033804 0.94116661 0.91956831 0.91752444 0.93212188 0.93484962 0.93416627 0.93214079 0.92944885 0.92638241 0.92309133 0.91965626 0.91611576 0.91248186 0.90875336 0.90492835 0.90101496 0.89703996 0.89305382
1.1294755 1.1225337 1.1158387 1.1093948 1.1032173 1.0972838 1.0914892 1.0856848 1.0797785 1.0737726 1.0675994 1.0608506 1.0531088 1.0464257 1.0444774 1.0436758 1.0412065 1.0368676 1.0304019 1.0209743 1.0115683 1.0123067 1.0140337 1.0129989 1.0105212 1.0076491 1.0048376 1.0019695 0.9987562 0.99500701 0.99058673 0.98528312 0.97874016 0.97122189 0.96669208 0.96663336 0.96618822 0.96412543 0.96055026 0.95507601 0.94548494 0.91878107 0.91726121 0.93636508 0.93943707 0.9387925 0.93674254 0.93400135 0.93087212 0.92750754 0.92398438 0.92033213 0.91655164 0.91263154 0.90856233 0.90434863 0.90002248 0.89565992
1.1398186 1.1329132 1.1262062 1.119667 1.1132521 1.1068828 1.1004326 1.0937657 1.0868839 1.0801839 1.0742976 1.0691393 1.0641718 1.0596603 1.0560752 1.0527603 1.0487087 1.0431854 1.0348663 1.0177233 0.9310564 1.0065924 1.016722 1.0163879 1.0133161 1.0101863 1.0081098 1.006198 1.0035872 1.0000671 0.99554632 0.98960874 0.98064862 0.96198037 0.94943898 0.96667203 0.97014492 0.96912223 0.9660428 0.96135695 0.95479564 0.94690524 0.94381719 0.94527455 0.94540425 0.94396301 0.94157433 0.93862514 0.93534132 0.93185615 0.92823278 0.92447803 0.9205644 0.91645381 0.91211417 0.9075302 0.90271916 0.89776771
