Data/fig7_interpolation_distance1.tif
NCOLS 646
NROWS 463
XLLCORNER 474795.67
YLLCORNER 1120288.4
DX 200.00028
DY 200.00028
NODATA_VALUE -9999
[rows 104 to 129 of 463, columns 522 to 579 of 646]
0.57685263 0.57817943 0.57830395 0.57687415 0.57233208 0.54807847 0.55836113 0.57364926 0.57714303 0.5782395 0.57834797 0.57786352 0.5769052 0.57548042 0.57354843 0.57108793 0.5682515 0.56559981 0.56354595 0.56018428 0.54344799 0.53391094 0.56013101 0.56476655 0.56635832 0.56682903 0.56669915 0.56616792 0.56532421 0.56420334 0.56279822 0.5610437 0.55875758 0.55542696 0.54905598 0.5193352 0.53606601 0.54603214 0.54694363 0.54590892 0.54290506 0.53562936 0.53933883 0.54438963 0.54482456 0.54184319 0.53569165 0.53665735 0.53906718 0.53549827 0.52233948 0.53645494 0.54389423 0.54696803 0.54841922 0.54904757 0.54935643 0.54976233
0.58079616 0.57962532 0.57833896 0.57670668 0.57346028 0.56554462 0.56768009 0.57489829 0.57767734 0.57862261 0.57869543 0.57822251 0.57729589 0.57589956 0.57397439 0.57151534 0.56882197 0.56666245 0.56518975 0.56291419 0.5576457 0.55690361 0.563175 0.56631496 0.56759975 0.56797317 0.56781003 0.56727532 0.56644677 0.5653557 0.56399651 0.56231511 0.5601638 0.55715688 0.55216766 0.54327787 0.54480905 0.54916535 0.54980724 0.5483825 0.54343306 0.51196588 0.53447434 0.54428944 0.54460484 0.53945757 0.49939445 0.52750882 0.53892017 0.54024137 0.54024449 0.54272213 0.54563754 0.54737572 0.54801256 0.54775428 0.54717919 0.5476034
0.58234412 0.57964413 0.57665346 0.57553986 0.57554879 0.57501355 0.5757151 0.57751068 0.57872124 0.57915893 0.57906069 0.57856718 0.57767963 0.57629603 0.57421881 0.57111753 0.56687566 0.56426485 0.56526427 0.56576314 0.56525864 0.5655329 0.56703725 0.56836414 0.56904336 0.56917881 0.56891017 0.568329 0.56748742 0.56640989 0.56509755 0.56352467 0.56162615 0.55928423 0.55641685 0.55365472 0.55272232 0.5529375 0.55262612 0.55127142 0.54834615 0.54420843 0.54483449 0.54684589 0.54615046 0.5422874 0.53531803 0.53589578 0.54017853 0.54277902 0.5443744 0.54583092 0.54711228 0.54779248 0.54751278 0.54557616 0.54110914 0.54195335
0.58320667 0.57826159 0.56685244 0.56867113 0.57598792 0.57807028 0.57889381 0.57944207 0.57967084 0.57956584 0.57925725 0.57879068 0.57803466 0.57675429 0.57456981 0.57045025 0.55951473 0.54505578 0.56368879 0.5677086 0.56875401 0.56926303 0.56982415 0.57029606 0.57049331 0.57037626 0.56997234 0.56931767 0.56843978 0.56735557 0.56607303 0.5645941 0.56292118 0.56107917 0.55918455 0.55754854 0.55650003 0.55587718 0.55519974 0.55414191 0.5526377 0.55114648 0.55044406 0.54998152 0.54857463 0.54556774 0.54077793 0.53575302 0.538963 0.54378962 0.54620303 0.54742514 0.54803002 0.54808526 0.5472453 0.54388424 0.52289923 0.52894868
0.58453644 0.57887567 0.55718265 0.56461668 0.57736107 0.58009162 0.58077964 0.58071168 0.58017802 0.57942899 0.57890007 0.57868177 0.57831862 0.5773793 0.57548561 0.5717184 0.56224161 0.5523985 0.56592532 0.56993514 0.57119175 0.57165966 0.57187878 0.57194463 0.57182739 0.57150128 0.57096367 0.57022305 0.56928968 0.56817278 0.56688259 0.56543716 0.56387542 0.56227679 0.56077498 0.55952869 0.55861514 0.55793545 0.55728479 0.55650437 0.55557139 0.55461391 0.55373412 0.55271377 0.55106663 0.54809768 0.54143946 0.48941859 0.53348443 0.54468076 0.54751167 0.54836758 0.5483918 0.54805413 0.54737745 0.54549167 0.54123681 0.54219118
0.58670142 0.58327425 0.57893937 0.57862945 0.58107306 0.58226144 0.58233596 0.58159604 0.58002708 0.577845 0.57689896 0.57784193 0.5784902 0.57819184 0.57695922 0.57469714 0.57152903 0.56984607 0.57123732 0.57266165 0.57332873 0.57353965 0.5735152 0.5733343 0.5730047 0.57251561 0.57185822 0.57102817 0.57002346 0.5688438 0.56749345 0.56599002 0.56438415 0.5627904 0.56139603 0.56036966 0.55971141 0.55925889 0.55883056 0.55831594 0.55768639 0.55696143 0.55613075 0.55507343 0.55353896 0.55108461 0.54667567 0.53990596 0.54283633 0.54740257 0.54899007 0.54892367 0.54784391 0.54680982 0.54694433 0.54726933 0.54722805 0.54795047
0.58902837 0.58708666 0.58529397 0.58448857 0.58449837 0.58443118 0.58383626 0.58241579 0.57935949 0.57176898 0.56752721 0.57601182 0.57873189 0.5791844 0.57858975 0.57737609 0.57597174 0.57506559 0.57494742 0.57512789 0.57520689 0.57511059 0.57486848 0.57450359 0.57401753 0.5734005 0.57263965 0.57172193 0.57063406 0.56936217 0.56789282 0.56621868 0.56436155 0.56245078 0.56085895 0.56003561 0.55988562 0.55993045 0.55988407 0.55967046 0.55929136 0.55876048 0.55806735 0.55715458 0.55591704 0.5542253 0.55206861 0.55020154 0.55003239 0.55069452 0.55065733 0.5492217 0.54536177 0.54023223 0.54413122 0.54780734 0.54936651 0.55027705
0.59106783 0.58976071 0.58856364 0.58767761 0.58704621 0.58638367 0.58538006 0.58363312 0.58004237 0.56845574 0.55717972 0.57617484 0.57966615 0.58041341 0.58016128 0.57943919 0.57857431 0.57784536 0.57736885 0.57705181 0.57675528 0.57640571 0.57598012 0.57546961 0.57486325 0.57414577 0.57329857 0.57229991 0.57112384 0.56973792 0.56809861 0.5661401 0.56375627 0.56086547 0.55813825 0.55772066 0.558997 0.56003045 0.5605412 0.56067595 0.56054824 0.56021578 0.55969684 0.55898167 0.55804877 0.55690133 0.55564649 0.55457222 0.55391962 0.55342869 0.55246323 0.55005434 0.54261477 0.35888347 0.54026162 0.54836601 0.55066102 0.55162245
0.59277213 0.59174 0.59074237 0.58983896 0.58899934 0.58810098 0.58696834 0.58535735 0.58286452 0.57925675 0.57777602 0.57997177 0.58145122 0.58185437 0.58163207 0.58107172 0.58036923 0.57966808 0.57904047 0.57848277 0.57795531 0.57742081 0.57685299 0.576231 0.57553463 0.57474219 0.57382856 0.57276257 0.57150369 0.56999711 0.56816284 0.56586045 0.56274881 0.55768492 0.54774787 0.55018566 0.5571356 0.55981044 0.56095188 0.56143531 0.56155428 0.56142184 0.56108471 0.56056331 0.5598735 0.55904859 0.55816078 0.55730991 0.55653301 0.55569451 0.55447049 0.55229034 0.54801638 0.5427698 0.54657137 0.55033768 0.55196059 0.55263426
0.5942023 0.59329734 0.59238168 0.59147695 0.59056717 0.58959713 0.58848694 0.58715217 0.58556491 0.58398203 0.58312066 0.58316052 0.58337096 0.58331945 0.58297226 0.58240668 0.58171184 0.58096476 0.58021839 0.57949845 0.57880951 0.57814112 0.57747143 0.57677257 0.57601656 0.57517638 0.57422156 0.57311153 0.57178936 0.5701745 0.56815003 0.56553086 0.56192139 0.55567788 0.53085391 0.54308129 0.55627081 0.55976878 0.56127463 0.56202545 0.56236937 0.562432 0.56227105 0.56192198 0.56141526 0.56078642 0.56007916 0.5593321 0.55854549 0.55765035 0.55650955 0.55496284 0.55303933 0.55161666 0.55180959 0.55267739 0.55324354 0.55342753
0.59541774 0.59457125 0.59368943 0.59278348 0.59184841 0.59086446 0.58980768 0.58867065 0.5874998 0.58644021 0.58568509 0.58526082 0.58497432 0.58463047 0.58414377 0.58350614 0.58274367 0.58189548 0.58100683 0.58012663 0.57929677 0.57853024 0.57780136 0.57706518 0.57628259 0.575425 0.57446164 0.57334435 0.57199742 0.57030819 0.56810863 0.5651536 0.56119301 0.55642275 0.55225891 0.55355104 0.557528 0.56003121 0.56151903 0.56245842 0.56302104 0.56328088 0.5632897 0.56309151 0.56272524 0.56222667 0.56162785 0.56095065 0.56019594 0.55933806 0.55833763 0.55718631 0.55599789 0.55506531 0.55460381 0.55443133 0.55424334 0.55391562
0.59645959 0.59563324 0.594757 0.59383969 0.59288378 0.59188813 0.59085639 0.58981 0.58880072 0.58790736 0.58719506 0.58665478 0.5861973 0.5857142 0.58512893 0.58440445 0.58353193 0.58252436 0.58142463 0.58032108 0.57932893 0.57850278 0.57778148 0.57706317 0.57628939 0.57544498 0.57451445 0.57344618 0.57214123 0.57044737 0.56811831 0.56468024 0.55914868 0.55184481 0.55258204 0.55596464 0.55824607 0.55996496 0.56145197 0.56266959 0.56351609 0.56399785 0.56417472 0.56410947 0.56385379 0.56344813 0.56292293 0.56229793 0.56158068 0.56076869 0.55986053 0.55887758 0.55788713 0.55698912 0.55623432 0.55555741 0.55483131 0.55397202
0.59735429 0.5965214 0.59562763 0.59468133 0.59368853 0.5926557 0.59159746 0.59054808 0.58956784 0.58872711 0.58806264 0.58754181 0.58707635 0.58656794 0.58593934 0.58513817 0.58412796 0.58288544 0.58142847 0.57990494 0.57864868 0.57786411 0.57731505 0.57670673 0.57596619 0.57515091 0.57430481 0.57337517 0.57222179 0.57065102 0.56836637 0.56468167 0.55685076 0.49617547 0.54655721 0.55576996 0.55736724 0.55853585 0.56062869 0.56257815 0.56388011 0.56462436 0.56496488 0.5650133 0.56484344 0.56450463 0.56403013 0.56344131 0.56275042 0.56196439 0.56109169 0.56015099 0.55917495 0.55819778 0.55722428 0.55620187 0.55501558 0.55350619
0.59811873 0.59725636 0.59632184 0.59532337 0.59426683 0.59315673 0.59200444 0.59084855 0.58977983 0.58892609 0.58835258 0.58797938 0.58764681 0.58721958 0.58661156 0.58576184 0.58460458 0.58304278 0.58094902 0.57838156 0.57640653 0.57615229 0.57630098 0.57594753 0.57518762 0.57435008 0.57366219 0.5730393 0.57221435 0.57094468 0.56898762 0.56589768 0.56057355 0.55276186 0.55424262 0.55616247 0.55322692 0.55225142 0.55848443 0.5622906 0.56422424 0.56522876 0.56570453 0.56583794 0.56572821 0.56543371 0.56499077 0.56442206 0.56374128 0.56295697 0.56207657 0.56111012 0.56007071 0.55896839 0.55779478 0.55649511 0.55491063 0.55263635
0.59876423 0.59784879 0.59684716 0.5957685 0.59461666 0.59338352 0.59205137 0.59062824 0.58924924 0.58825867 0.58790382 0.58793107 0.58793665 0.58771627 0.58720226 0.58635153 0.58508033 0.58318738 0.58014717 0.5745195 0.56789714 0.57243446 0.57488498 0.57482526 0.57368356 0.57250674 0.57216304 0.57227697 0.57208091 0.57129329 0.56984298 0.56765529 0.56474067 0.56182754 0.56004929 0.55743818 0.54451896 0.51901251 0.55670663 0.56245305 0.56475946 0.5658924 0.56643443 0.56661135 0.56653324 0.56626155 0.56583294 0.56526937 0.56458312 0.56377996 0.56286161 0.56182778 0.56067777 0.55941175 0.55802882 0.55650319 0.55468666 0.55201026
0.59929942 0.59830282 0.59719999 0.59600566 0.59472688 0.59333614 0.59173951 0.58977922 0.58745298 0.58578385 0.58616585 0.58731448 0.58800903 0.58813463 0.58778281 0.58699048 0.58569751 0.58366709 0.58012177 0.57114745 0.49443539 0.56948339 0.57405162 0.57357577 0.57081963 0.56751645 0.56860824 0.57095024 0.57186115 0.57166676 0.57071027 0.56917485 0.56724149 0.56519676 0.56316199 0.56044549 0.55548016 0.55367685 0.5598563 0.56365065 0.56560856 0.56665422 0.56717422 0.56734877 0.56727387 0.56700518 0.56657597 0.56600517 0.56530138 0.56446487 0.56348841 0.56235777 0.56105373 0.55956137 0.5578959 0.55612921 0.55429971 0.55208475
0.59973361 0.59861849 0.59736251 0.59599605 0.59455479 0.59301393 0.59116701 0.58842232 0.58326833 0.57637054 0.58174095 0.58628487 0.58806335 0.58859528 0.58842855 0.58773947 0.58653467 0.58467121 0.58175184 0.57700471 0.57241044 0.57391792 0.57464316 0.57275032 0.56654318 0.53870072 0.56087274 0.56965386 0.57182241 0.57211144 0.57149952 0.57032766 0.56877826 0.56698943 0.56505573 0.56307714 0.56149197 0.56151004 0.56330086 0.56524709 0.56663106 0.56747549 0.56791369 0.5680504 0.56795547 0.56767366 0.56723228 0.56664565 0.56591732 0.56504037 0.56399605 0.56275022 0.56124896 0.55942235 0.55724038 0.55492854 0.55311885 0.55192584
0.60008243 0.59879784 0.59729892 0.59563927 0.59395246 0.59233049 0.59051661 0.58754292 0.57951127 0.47026498 0.5774644 0.58604352 0.58847471 0.58923677 0.58919831 0.58861665 0.58755682 0.58599001 0.58385121 0.58124502 0.57890427 0.57740958 0.57577208 0.57293023 0.56730676 0.55498098 0.56348243 0.57023282 0.57232011 0.57269297 0.57220869 0.57118581 0.56974632 0.56790924 0.56569726 0.56355101 0.56271954 0.56358425 0.5651174 0.56655152 0.56761221 0.56828243 0.56862474 0.56870531 0.56857511 0.56826893 0.56780791 0.56720137 0.56644742 0.56553172 0.56442327 0.56306438 0.56134822 0.55907017 0.55585828 0.55155403 0.5491367 0.55034916
0.60037778 0.59886391 0.59696924 0.59471193 0.59245286 0.59084457 0.58968745 0.58787759 0.58418528 0.58005988 0.58372532 0.5876249 0.58944865 0.59012227 0.59011021 0.58960468 0.58868048 0.58736132 0.5856703 0.58369599 0.58159302 0.57932717 0.5764919 0.57289162 0.5696573 0.56835233 0.56993673 0.57216659 0.5732639 0.57336666 0.5728171 0.57180957 0.57035926 0.56825596 0.56492605 0.55987119 0.55896013 0.56313614 0.56589946 0.56750099 0.56846971 0.56902631 0.56928004 0.56929774 0.56912365 0.56878651 0.56830252 0.56767657 0.56690196 0.56595817 0.56480487 0.56336681 0.56149287 0.55882613 0.55426053 0.54229941 0.52922042 0.54740784
0.60067902 0.59890279 0.59642484 0.59284032 0.5884234 0.58695171 0.58803003 0.58816597 0.58747408 0.5871372 0.58816917 0.58968697 0.5907386 0.59118982 0.59113744 0.59067129 0.58984539 0.58868916 0.58722254 0.58545782 0.58334676 0.58062142 0.57648043 0.56917665 0.56450542 0.5696543 0.57252029 0.57386122 0.57426263 0.57396689 0.573218 0.57217981 0.570783 0.56856677 0.56396223 0.54548272 0.53981803 0.56211142 0.56652525 0.56832564 0.56923496 0.56969302 0.56985955 0.56980993 0.56958677 0.56921538 0.56870861 0.56806793 0.56728282 0.56632867 0.56516134 0.56370352 0.56180781 0.55914148 0.55473331 0.54473724 0.53665042 0.54817812
0.60106877 0.59909914 0.59607364 0.59037509 0.5735253 0.57405024 0.58543914 0.58750897 0.58824452 0.58916847 0.59029307 0.59133394 0.59204163 0.59233454 0.59223427 0.59178541 0.59102425 0.58997266 0.58863579 0.58698638 0.58490972 0.58204328 0.57714663 0.5625196 0.53103799 0.56978022 0.57422275 0.57526771 0.5751092 0.57426456 0.57312522 0.57207526 0.57102955 0.56935621 0.56596024 0.55874834 0.55760765 0.5645514 0.56774853 0.56921817 0.56994604 0.57027477 0.57034355 0.57022032 0.56994369 0.56953661 0.56900997 0.56836283 0.56758157 0.56663869 0.56549008 0.56406846 0.56226906 0.55992436 0.55680036 0.55303131 0.55096105 0.55167448
0.60161173 0.59964356 0.59663257 0.59108068 0.57686253 0.57629786 0.58449606 0.58500553 0.58654685 0.58938934 0.59140385 0.59261523 0.5932709 0.59349714 0.59336552 0.59292443 0.59220631 0.59122876 0.58999128 0.58846228 0.58654478 0.5839946 0.5802223 0.57426881 0.57091147 0.57454344 0.5764896 0.57668764 0.57577454 0.57393618 0.57170613 0.57069664 0.5707884 0.57033687 0.56889602 0.56701992 0.56660773 0.56793475 0.56927183 0.57012107 0.5705742 0.57074407 0.57070341 0.5704993 0.57016421 0.56972019 0.56917846 0.5685369 0.5677783 0.5668708 0.56576897 0.56441338 0.56273173 0.56065844 0.5582268 0.55581204 0.55420923 0.55365278
0.60230075 0.60052128 0.59804901 0.59451717 0.59015871 0.5875474 0.58464752 0.57168397 0.57895487 0.58887109 0.59229245 0.59379869 0.59447756 0.59467111 0.59451484 0.59407417 0.59338476 0.59246477 0.59131678 0.58992336 0.58823776 0.58617813 0.58367939 0.581023 0.57935086 0.57909112 0.57897243 0.57820243 0.57640919 0.57275745 0.56546442 0.56481363 0.5697664 0.57113361 0.57088373 0.57018185 0.56981632 0.57001088 0.57044817 0.57082865 0.57103526 0.57105135 0.57089789 0.5706054 0.57020371 0.56971883 0.56916767 0.56854925 0.56784 0.56699805 0.56597007 0.56469252 0.56308847 0.56107177 0.55859918 0.55591365 0.55404959 0.55384112
0.60305647 0.60152105 0.59960221 0.59728605 0.59474782 0.59205776 0.58724739 0.56935951 0.57900989 0.59019576 0.5936688 0.59512308 0.59573347 0.59586868 0.59567595 0.59522466 0.59455147 0.5936761 0.59260682 0.59134224 0.58987465 0.5882047 0.58638821 0.58461935 0.58319624 0.58217059 0.58119672 0.57982971 0.57751452 0.5726534 0.55215022 0.55383483 0.56968514 0.5720714 0.57217297 0.57161893 0.57108365 0.57088689 0.57099369 0.57117316 0.57124196 0.57113831 0.57087367 0.57048085 0.5699948 0.569455 0.56889836 0.5683318 0.56771646 0.5669859 0.56606951 0.56489178 0.56334663 0.56123959 0.55814064 0.55317235 0.54844326 0.55155606
0.60377632 0.60243041 0.60088818 0.59920126 0.5974159 0.59542569 0.59280283 0.58996885 0.59078612 0.59371476 0.59564877 0.59664507 0.59705941 0.59709077 0.59684126 0.59636584 0.5956962 0.59485161 0.59384426 0.5926829 0.5913783 0.58995402 0.58846377 0.58699983 0.58565123 0.58440943 0.58312774 0.58156466 0.57936807 0.57590282 0.57077509 0.5698237 0.5725472 0.57346659 0.5730728 0.57203521 0.5709663 0.57052633 0.57074527 0.57106127 0.57113789 0.57094641 0.57056072 0.57004361 0.56943233 0.56879077 0.56822111 0.56776404 0.56733159 0.56679083 0.56604485 0.56501787 0.56359236 0.56149433 0.55788866 0.54857178 0.430365 0.54784152
0.60436856 0.6030937 0.60174538 0.60043947 0.59921946 0.59802491 0.59683108 0.59598711 0.59610116 0.59693259 0.59774696 0.59824402 0.59841666 0.59831855 0.59799711 0.59748576 0.59680752 0.59597894 0.59501323 0.59392319 0.59272489 0.59144255 0.59011238 0.58877789 0.58746862 0.58616995 0.58481058 0.58327634 0.58143717 0.57923678 0.57705066 0.57584793 0.57551862 0.57496566 0.57365879 0.57139855 0.56861136 0.56792435 0.56944062 0.57050287 0.57071792 0.57039982 0.56984274 0.56917221 0.56835233 0.56744751 0.56679933 0.56660978 0.56657545 0.56636182 0.56586293 0.56505813 0.56387552 0.56210192 0.55918724 0.5536884 0.54729449 0.55260121
