Data/fig7_interpolation_distance1.tif
NCOLS 646
NROWS 463
XLLCORNER 474795.67
YLLCORNER 1120288.4
DX 200.00028
DY 200.00028
NODATA_VALUE -9999
[rows 130 to 155 of 463, columns 58 to 115 of 646]
0.86716715 0.86807057 0.8689684 0.86985994 0.87074444 0.8716211 0.87248904 0.87334734 0.87419498 0.8750309 0.87585393 0.87666285 0.87745637 0.87823313 0.87899173 0.87973078 0.88044887 0.88114462 0.88181666 0.88246345 0.88308282 0.88367101 0.8842207 0.8847175 0.88513398 0.88541938 0.88548082 0.88514363 0.88405163 0.88135793 0.87442366 0.84912774 0.79762364 0.86939803 0.88439449 0.89117171 0.8953839 0.89848525 0.90102644 0.9032696 0.90535708 0.9073677 0.90933934 0.9112822 0.91318995 0.9150486 0.91684211 0.91855466 0.9201706 0.9216738 0.92304792 0.92428093 0.92538024 0.92640855 0.92753683 0.92904045 0.93111642 0.93367595
0.86565683 0.86654475 0.86742623 0.86830049 0.86916669 0.87002389 0.87087111 0.87170726 0.87253117 0.87334157 0.87413708 0.87491624 0.87567747 0.87641912 0.87713947 0.87783681 0.87850953 0.8791562 0.87977576 0.88036759 0.88093146 0.88146693 0.88197173 0.88243832 0.8828478 0.88315991 0.88329713 0.88311651 0.88235132 0.88047671 0.87644113 0.86919087 0.86674273 0.87642195 0.88479953 0.89023981 0.89408125 0.89707521 0.89959488 0.90183962 0.90392348 0.90591265 0.90784287 0.90972953 0.91157506 0.91337464 0.91512025 0.91680305 0.9184147 0.91994843 0.9214013 0.92277916 0.92410645 0.92544018 0.92687815 0.92853666 0.93048633 0.93269948
0.86414484 0.86501732 0.8658825 0.8667395 0.86758736 0.86842504 0.8692514 0.87006518 0.87086503 0.87164944 0.87241678 0.87316526 0.87389295 0.87459777 0.87527754 0.87593002 0.87655307 0.87714487 0.87770429 0.87823141 0.87872808 0.87919823 0.87964722 0.88007899 0.88048995 0.88085909 0.8811356 0.88122622 0.88098507 0.88022366 0.87884621 0.87745526 0.87807237 0.88157543 0.88594557 0.88981913 0.89304279 0.89577726 0.89818163 0.9003693 0.90241575 0.90436929 0.90625895 0.90809994 0.90989815 0.91165372 0.91336383 0.91502476 0.91663346 0.91818913 0.91969546 0.92116407 0.92261915 0.92410141 0.92566605 0.92736852 0.92924029 0.93127237
0.86263161 0.86348876 0.86433772 0.86517752 0.86600709 0.86682523 0.86763066 0.86842194 0.86919748 0.86995551 0.8706941 0.87141107 0.87210404 0.87277037 0.87340717 0.87401138 0.87457989 0.87510983 0.87559914 0.87604761 0.87645839 0.87683993 0.87720747 0.87758203 0.877984 0.87842029 0.87886993 0.8792787 0.87957382 0.87971066 0.87977636 0.88013791 0.88136513 0.88363683 0.8864825 0.88936982 0.89205896 0.89451273 0.89676619 0.89886688 0.90085586 0.9027638 0.90461139 0.90641119 0.90816969 0.90988932 0.91157027 0.91321207 0.91481495 0.91638127 0.91791717 0.91943459 0.92095313 0.92250051 0.92410958 0.92581063 0.92762123 0.92953979
0.86111759 0.86195955 0.86279244 0.86361517 0.86442654 0.86522522 0.86600974 0.86677845 0.86752954 0.86826093 0.86897032 0.86965511 0.87031234 0.87093865 0.87153024 0.87208284 0.87259174 0.87305206 0.87345932 0.87381087 0.87410848 0.87436293 0.87459993 0.8748645 0.87521581 0.87570489 0.87634284 0.87708846 0.87787622 0.87867196 0.87952868 0.88060604 0.88209169 0.88403662 0.88629679 0.88866276 0.89098826 0.89321066 0.89531953 0.89732691 0.89925092 0.90110855 0.90291311 0.90467382 0.90639642 0.90808407 0.90973847 0.91136089 0.91295322 0.91451907 0.91606481 0.91760073 0.91914172 0.92070697 0.92231788 0.92399402 0.92574832 0.92758357
0.85960322 0.86043021 0.86124722 0.86205306 0.86284641 0.86362577 0.86438949 0.86513571 0.86586233 0.86656697 0.86724691 0.86789905 0.86851977 0.86910488 0.86964942 0.87014752 0.87059221 0.87097536 0.87128793 0.87152109 0.87166946 0.87173857 0.87175896 0.87180567 0.87200611 0.87250037 0.87334998 0.87448637 0.87577463 0.8771176 0.8785044 0.87999507 0.88166431 0.88353744 0.88556809 0.88767226 0.88977472 0.89182992 0.89381937 0.89574126 0.89760162 0.89940883 0.90117081 0.90289387 0.90458257 0.90624002 0.90786843 0.90946975 0.91104645 0.91260213 0.91414232 0.91567506 0.9172113 0.91876475 0.92035099 0.92198567 0.92368184 0.92544696
0.85808897 0.85890122 0.85970261 0.86049183 0.86126741 0.86202771 0.86277086 0.86349478 0.86419707 0.86487501 0.86552546 0.86614475 0.86672858 0.86727178 0.8677681 0.86820976 0.86858695 0.86888711 0.86909413 0.86918792 0.86914593 0.86895062 0.86861281 0.86822558 0.86803708 0.86841675 0.86956444 0.87128233 0.87320999 0.87512289 0.87696774 0.87878138 0.88061945 0.88251476 0.8844647 0.8864421 0.88841432 0.89035636 0.89225452 0.89410436 0.89590714 0.8976668 0.89938794 0.90107483 0.90273092 0.9043589 0.90596095 0.90753905 0.90909546 0.91063313 0.91215609 0.9136699 0.91518198 0.91670204 0.91824247 0.91981865 0.92144792 0.92314567
0.85657527 0.8573731 0.8581592 0.85893213 0.85969029 0.86043187 0.86115479 0.86185674 0.86253502 0.86318654 0.8638077 0.86439428 0.86494122 0.8654424 0.86589018 0.86627482 0.86658339 0.86679823 0.86689428 0.86683524 0.8665685 0.866022 0.86511882 0.86386757 0.86265444 0.86254641 0.86432985 0.86722711 0.87017235 0.87279279 0.87510537 0.87721567 0.87921788 0.88117253 0.88310738 0.88502707 0.88692499 0.88879239 0.89062308 0.89241458 0.89416736 0.89588369 0.89756654 0.89921889 0.90084341 0.90244228 0.90401737 0.9055703 0.9071027 0.90861639 0.91011353 0.91159684 0.9130699 0.91453812 0.91601072 0.91750428 0.91904571 0.9206678
0.85506257 0.85584635 0.85661754 0.85737461 0.85811578 0.85883909 0.85954227 0.86022273 0.86087748 0.86150306 0.86209542 0.86264974 0.86316025 0.86361988 0.86401973 0.86434823 0.86458968 0.86472164 0.86471031 0.86450166 0.86400466 0.86305916 0.86137942 0.85851146 0.85431865 0.8519573 0.85608982 0.86211003 0.86679959 0.87029865 0.87308365 0.87546262 0.87761291 0.87963431 0.88158005 0.88347548 0.88533055 0.88714812 0.88892884 0.89067343 0.89238337 0.89406078 0.89570807 0.89732762 0.89892156 0.90049166 0.90203933 0.90356567 0.90507145 0.90655712 0.90802266 0.90946739 0.91088998 0.91228913 0.91366677 0.91503698 0.91644187 0.91795717
0.85355129 0.85432144 0.8550782 0.85581989 0.85654461 0.85725023 0.85793427 0.85859389 0.85922579 0.85982614 0.86039042 0.86091326 0.86138818 0.86180726 0.86216051 0.86243496 0.86261296 0.86266904 0.86256379 0.86223107 0.86154989 0.86027649 0.85785743 0.85280708 0.84021432 0.81804085 0.8418945 0.85659494 0.86359316 0.86790887 0.87106695 0.87364514 0.8759054 0.87798044 0.87994113 0.88182549 0.88365358 0.88543588 0.88717821 0.88888432 0.89055721 0.89219957 0.89381387 0.89540229 0.89696667 0.89850844 0.90002858 0.90152759 0.90300536 0.90446088 0.90589183 0.90729372 0.90865873 0.90997449 0.91122476 0.91240062 0.91354695 0.91484889
0.85204183 0.85279885 0.85354169 0.85426858 0.8549775 0.85566611 0.85633176 0.85697135 0.85758128 0.85815733 0.85869453 0.85918695 0.85962744 0.86000728 0.86031562 0.86053857 0.86065762 0.86064676 0.8604665 0.86005109 0.85927878 0.85789636 0.85529724 0.84968363 0.83303225 0.75566938 0.83466799 0.85369028 0.86134788 0.86589714 0.86918468 0.87184676 0.87415999 0.87626278 0.87823035 0.88010542 0.88191282 0.88366734 0.88537813 0.88705132 0.88869135 0.8903017 0.89188516 0.89344395 0.89497979 0.89649385 0.89798673 0.89945839 0.90090791 0.90233303 0.90372934 0.90508864 0.90639602 0.90762409 0.90872224 0.90960168 0.91016981 0.91077806
0.85053458 0.851279 0.85200853 0.85272128 0.8534151 0.85408752 0.85473567 0.85535621 0.85594523 0.85649815 0.85700953 0.85747286 0.85788033 0.85822244 0.85848754 0.85866106 0.85872444 0.85865312 0.85841276 0.85795097 0.85717855 0.85592473 0.85383093 0.85012756 0.8436901 0.8386599 0.8458131 0.85445849 0.86025447 0.86432487 0.86747452 0.8701012 0.87240912 0.87451098 0.87647277 0.87833481 0.88012246 0.88185214 0.88353487 0.88517834 0.88678819 0.88836864 0.88992292 0.89145338 0.8929617 0.89444884 0.8959151 0.89736001 0.89878205 0.9001781 0.90154237 0.90286416 0.90412332 0.90527964 0.90624505 0.90679439 0.90620221 0.90242819
0.84902988 0.84976228 0.85047915 0.85117851 0.85185807 0.85251521 0.85314689 0.85374952 0.85431892 0.85485011 0.85533719 0.85577306 0.85614918 0.85645518 0.85667843 0.85680352 0.85681161 0.85667976 0.85638017 0.85587907 0.85513428 0.85408967 0.85267143 0.85084686 0.84900599 0.848741 0.85144211 0.85562103 0.85960086 0.86298939 0.86587442 0.86839511 0.87065835 0.87273753 0.8746822 0.87652607 0.87829239 0.87999756 0.88165337 0.88326853 0.88484957 0.88640141 0.88792767 0.88943091 0.89091273 0.89237392 0.89381452 0.89523373 0.89662973 0.89799907 0.89933565 0.90062837 0.90185646 0.90297814 0.90389988 0.90436987 0.90344129 0.89464819
0.84752802 0.84824905 0.84895398 0.84964074 0.85030696 0.85094986 0.85156623 0.85215228 0.85270354 0.85321466 0.85367928 0.85408966 0.85443645 0.85470821 0.85489097 0.85496766 0.85491776 0.85471736 0.85434076 0.85376563 0.85298534 0.85203321 0.85101984 0.85017818 0.84990767 0.85071207 0.85278034 0.85566085 0.85872697 0.86163246 0.86428276 0.8666907 0.86889738 0.87094404 0.87286483 0.87468637 0.87642908 0.87810862 0.87973709 0.88132393 0.88287645 0.88440022 0.88589926 0.88737622 0.88883264 0.89026906 0.89168522 0.89308009 0.89445175 0.895797 0.89711043 0.89838277 0.89959745 0.90072364 0.90170087 0.90240668 0.90263356 0.90265424
0.84602924 0.84673959 0.84743335 0.84810839 0.84876225 0.84939205 0.84999441 0.85056537 0.85110019 0.85159319 0.85203753 0.85242484 0.85274487 0.85298488 0.85312906 0.85315759 0.85304589 0.85276414 0.85227852 0.85155792 0.85059494 0.84945796 0.84838139 0.84781071 0.84819971 0.84965779 0.85192652 0.85462037 0.85741158 0.86010501 0.86262239 0.86495256 0.86711265 0.86912784 0.87102295 0.87281975 0.87453653 0.87618842 0.87778792 0.87934524 0.88086857 0.88236417 0.88383646 0.88528814 0.88672048 0.88813361 0.88952684 0.89089887 0.89224783 0.89357107 0.89486463 0.89612229 0.89733407 0.89848408 0.89954908 0.90050607 0.90138404 0.90240587
0.84453376 0.84523413 0.84591752 0.84658177 0.84722434 0.84784225 0.84843204 0.84898955 0.84950984 0.84998695 0.85041359 0.85078079 0.85107737 0.85128921 0.85139823 0.85138094 0.85120641 0.85083339 0.85020689 0.84925644 0.8479063 0.84613948 0.84422818 0.84312968 0.84400211 0.84656269 0.84968599 0.85277764 0.85568253 0.85837569 0.86086329 0.86316267 0.86529615 0.86728718 0.86915806 0.87092885 0.87261723 0.87423856 0.87580618 0.87733151 0.87882394 0.88029068 0.88173658 0.88316424 0.88457433 0.88596621 0.88733846 0.88868932 0.89001693 0.89131932 0.89259412 0.89383837 0.89504816 0.89621916 0.89734941 0.89844888 0.89956031 0.90077375
0.8430417 0.84373282 0.8444067 0.84506111 0.8456935 0.84630083 0.84687954 0.84742539 0.84793327 0.84839698 0.8488089 0.84915955 0.84943692 0.84962558 0.84970525 0.84964852 0.84941721 0.84895575 0.84817902 0.84694878 0.84502874 0.84202596 0.83758468 0.83352503 0.83558978 0.84144955 0.84650107 0.85042782 0.85366596 0.85648451 0.85901417 0.86132185 0.86344842 0.86542387 0.86727278 0.86901629 0.87067296 0.87225939 0.87379051 0.87527967 0.87673819 0.87817472 0.87959472 0.88100034 0.88239108 0.8837648 0.88511878 0.88645046 0.88775783 0.88903946 0.89029448 0.89152258 0.89272425 0.89390181 0.89506175 0.89621925 0.89740285 0.89865089
0.84155313 0.84223575 0.84290095 0.84354653 0.84416988 0.84476796 0.84533719 0.84587325 0.84637097 0.84682402 0.84722455 0.84756275 0.84782605 0.84799807 0.84805684 0.84797196 0.84769947 0.84717202 0.84627833 0.84481475 0.84235448 0.83782372 0.82778829 0.8032206 0.81647321 0.83497626 0.84307822 0.84792855 0.85152117 0.85449858 0.85710346 0.85944357 0.86157745 0.86354375 0.86537173 0.86708535 0.86870527 0.87025014 0.87173746 0.87318362 0.8746032 0.87600738 0.87740251 0.8787897 0.88016602 0.88152657 0.88286637 0.88418155 0.88546968 0.88672981 0.88796227 0.88916875 0.89035257 0.89151946 0.89267869 0.89384446 0.89503574 0.8962722
0.84006806 0.84074291 0.8414003 0.84203802 0.84265349 0.84324368 0.84380503 0.84433324 0.84482314 0.84526838 0.8456611 0.84599137 0.84624642 0.84640951 0.846458 0.84636029 0.84607025 0.8455166 0.84458045 0.84304195 0.84043118 0.83550413 0.82355617 0.77104391 0.80562665 0.83161568 0.84048932 0.84559927 0.8493668 0.85247244 0.85516114 0.85754664 0.85969616 0.86165621 0.86346173 0.86514048 0.8667158 0.86820894 0.86964077 0.87103256 0.87240465 0.87377309 0.87514587 0.87652164 0.87789244 0.87924815 0.88058012 0.88188257 0.88315267 0.88438993 0.88559578 0.88677345 0.88792813 0.88906749 0.89020212 0.89134559 0.89251317 0.89371869
0.83858642 0.83925424 0.83990465 0.84053547 0.84114419 0.84172783 0.84228289 0.84280517 0.84328959 0.84372994 0.84411848 0.84444547 0.84469839 0.84486079 0.84491054 0.84481693 0.84453582 0.84400089 0.84310694 0.84167588 0.83938292 0.83560085 0.82929958 0.82198289 0.82474729 0.83275915 0.83880288 0.84340319 0.84719522 0.85042208 0.85320978 0.8556516 0.85782083 0.8597735 0.86155174 0.8631876 0.86470687 0.86613293 0.86749046 0.86880808 0.87011707 0.87144403 0.87280053 0.87417924 0.87556108 0.87692608 0.87825997 0.87955503 0.88080857 0.88202109 0.88319529 0.88433568 0.88544887 0.88654399 0.88763317 0.8887312 0.8898541 0.8910161
0.83710808 0.83776956 0.83841379 0.83903865 0.83964169 0.84022006 0.84077036 0.84128855 0.84176975 0.84220799 0.84259589 0.84292414 0.84318086 0.84335054 0.84341255 0.84333877 0.84308996 0.84260999 0.841817 0.84059135 0.83876788 0.83617911 0.8329423 0.83025525 0.83013021 0.83261536 0.83652077 0.84085398 0.84487952 0.84834075 0.85127257 0.85378313 0.85597119 0.85791047 0.85965287 0.86123467 0.86268248 0.8640193 0.86527186 0.86647872 0.86769297 0.86896725 0.87032273 0.87173565 0.8731603 0.87455825 0.87590837 0.87720292 0.87844143 0.87962672 0.8807632 0.88185657 0.88291443 0.8839472 0.88496907 0.88599826 0.88705556 0.88816078
0.83563286 0.83628865 0.83692744 0.8375472 0.83814558 0.83871986 0.83926681 0.83978261 0.84026265 0.84070136 0.84109183 0.84142545 0.8416913 0.84187529 0.84195893 0.8419176 0.84171797 0.84131455 0.84064548 0.83962945 0.83817096 0.83619265 0.83371798 0.83095514 0.82838277 0.82780284 0.83160186 0.83734177 0.84234055 0.84626707 0.84939561 0.85197554 0.85417079 0.85608377 0.857778 0.85929243 0.86065064 0.86186871 0.86296689 0.86399081 0.8650365 0.86623106 0.86762791 0.86914919 0.87067887 0.87214753 0.87353264 0.87483396 0.87605816 0.87721266 0.87830423 0.87933946 0.88032607 0.88127497 0.88220255 0.88313251 0.88409548 0.88512397
0.8341605 0.83481121 0.83544525 0.83606068 0.8366553 0.83722654 0.83777139 0.83828629 0.838767 0.83920839 0.8396042 0.83994666 0.84022605 0.84042997 0.84054243 0.84054251 0.84040254 0.84008564 0.8395424 0.83870649 0.8374865 0.83574061 0.83317371 0.82895182 0.82066833 0.8094094 0.82051209 0.83286069 0.83984783 0.84436265 0.84766198 0.8502723 0.85244436 0.8543098 0.85594076 0.85737502 0.85862708 0.85969399 0.86056487 0.86125784 0.86192951 0.86295673 0.86453836 0.8663637 0.86811763 0.8697094 0.87114821 0.87246067 0.87366874 0.87478728 0.87582573 0.87679048 0.87768755 0.87852597 0.87932255 0.88010756 0.88092832 0.88184369
0.83269073 0.83333688 0.83396676 0.83457856 0.8351702 0.83573931 0.8362831 0.83679835 0.8372812 0.83772706 0.83813038 0.83848438 0.83878062 0.83900856 0.83915478 0.83920198 0.83912756 0.83890139 0.83848214 0.83780955 0.83678501 0.83521401 0.83261574 0.82747911 0.81275562 0.61115842 0.80703191 0.82994861 0.83817605 0.84287986 0.84616399 0.84871155 0.85081045 0.85260062 0.85415316 0.85549927 0.85663878 0.85753602 0.8581033 0.85818921 0.85779349 0.85820933 0.86066405 0.86335494 0.86552253 0.86728306 0.86878089 0.87010006 0.87128565 0.87236116 0.87333781 0.87421966 0.87500746 0.87570314 0.87631758 0.87688368 0.87747299 0.87819911
0.83122319 0.83186526 0.8324915 0.83310023 0.83368954 0.83425723 0.83480081 0.83531735 0.83580345 0.83625509 0.83666747 0.83703481 0.83735007 0.83760455 0.83778738 0.83788473 0.83787867 0.83774526 0.83745089 0.83694453 0.83613926 0.83486544 0.8327467 0.82885996 0.82101988 0.81101907 0.820339 0.83143661 0.83782643 0.84193953 0.84493501 0.84730286 0.84927237 0.85095945 0.85242212 0.8536809 0.85472085 0.85547362 0.85575167 0.85500292 0.85121521 0.84585171 0.8555762 0.86036287 0.86303406 0.86493451 0.86646321 0.86777056 0.86892185 0.86994603 0.87085329 0.87164212 0.8723028 0.87282086 0.87318547 0.87341179 0.87358999 0.87394387
0.82975755 0.83039592 0.83101894 0.83162506 0.83221252 0.83277935 0.8333233 0.83384179 0.83433186 0.83479006 0.83521236 0.83559399 0.83592927 0.83621131 0.83643168 0.83657987 0.83664246 0.83660173 0.83643308 0.83610007 0.83554451 0.83466844 0.83330951 0.8312619 0.82865875 0.8273366 0.82982365 0.83424229 0.83821806 0.84137575 0.84391103 0.84601582 0.84781392 0.84937801 0.85074582 0.85192707 0.85289975 0.85358806 0.85378671 0.85285277 0.84772773 0.83357447 0.85278158 0.85812739 0.86084502 0.86272683 0.86422082 0.86548586 0.86658777 0.86755308 0.86838689 0.86907873 0.86960291 0.86991627 0.86995725 0.86966187 0.8690534 0.86851622
